124
254
364
368
372
410
418
508
602
710
790
902
908
934
1036
1040
1046
1106
1166
1254
1260
1268
1400
1534
1584
1700
1704
1864
1948
1980
2008
2038
2064
2070
2078
2096
2166
2278
2320
2356
2400
2506
2518
2522
2534
2536
2538
2608
2610
2722
2724
2730
2798
2944
2950
3084
3140
3160
3174
3182
3324
3362
3404
3428
3456
3610
3716
3718
3840
3938
4006
4086
4140
4148
4164
4304
4370
4400
4506
4566
4602
4752
4770
4772
4914
4936
4956
5068
5080
5136
5152
5168
5188
5194
5220
5256
5282
5290
5440
5444
5488
5498
5504
5522
5552
5568
5664
5812
5892
5894
5914
6036
6104
6120
6132
6152
6258
6372
6428
6468
6496
6540
6544
6556
6658
6660
6662
6684
6698
6766
6858
6874
6886
6898
6900
6904
6994
6998
7040
7088
7128
7132
7216
7250
7362
7374
7390
7400
7484
7568
7570
7578
7656
7678
7712
7788
7826
7908
8008
8028
8054
8114
8116
8190
8194
8198
8202
8278
8290
8336
8346
8428
8430
8444
8468
8476
8492
8572
8574
8610
8764
8852
8854
8858
8864
8942
8950
8958
8960
8984
8990
9028
9124
9216
9220
9238
9300
9304
9344
9352
9366
9372
9382
9502
9516
9654
9682
9708
9808
9834
9836
9844
9858
9860
9864
9874
9878
9886
9910
10044
10060
10176
10204
10208
10240
10286
10328
10414
10418
10432
10436
10438
10518
10524
10588
10598
10606
10608
10668
10746
10764
10812
10876
10900
10906
10914
10964
10966
10992
11062
11090
11108
11126
11234
11238
11326
11500
11540
11568
11604
11732
11744
11746
11758
11762
11920
11980
11994
12020
12158
12166
12194
12198
12312
12320
12352
12440
12446
12488
12492
12508
12520
12576
12584
12650
12822
12838
12870
12932
12942
12944
12958
12970
12984
13122
13212
13220
13290
13294
13316
13318
13358
13402
13430
13458
13516
13540
13546
13552
13554
13642
13650
13692
13710
13718
13734
13858
13920
13928
13936
13938
13944
13960
13970
14016
14034
14040
14042
14044
14088
14148
14152
14166
14176
14208
14260
14264
14358
14366
14372
14394
14440
14472
14534
14634
14686
14698
14708
14750
14770
14874
14980
14994
15010
15014
15020
15030
15074
15082
15086
15140
15142
15170
15218
15258
15288
15292
15294
15298
15338
15364
15366
15386
15404
15452
15456
15464
15470
15508
15528
15530
15556
15558
15570
15604
15636
15768
15780
15790
15888
15908
15934
15948
15966
15982
15996
16000
16012
16018
16118
16180
16218
16284
16322
16336
16340
16394
16454
16478
16494
16498
16500
16592
16708
16730
16832
16856
16858
16870
16872
16884
16898
16912
16918
16930
16932
16936
16952
16972
17144
17188
17202
17250
17258
17270
17272
17298
17312
17342
17402
17406
17468
17482
17492
17494
17518
17522
17534
17550
17564
17578
17580
17600
17602
17604
17630
17632
17654
17678
17688
17694
17700
17704
17716
17718
17724
17750
17758
17760
17764
17776
17802
17818
17840
17854
17858
17873
17872
