1110011110
0001011110
1001011110
0101011110
1101011110
0011011110
1011011110
0111011110
1111011110
0000111110
1000111110
0100111110
1100111110
0010111110
1010111110
0110111110
1110111110
0001111110
1001111110
0101111110
1101111110
0011111110
1011111110
0111111110
1111111110
0000000001
1000000001
0100000001
1100000001
0010000001
1010000001
0110000001
1110000001
0001000001
1001000001
0101000001
1101000001
0011000001
1011000001
0111000001
1111000001
0000100001
1000100001
0100100001
1100100001
0010100001
1010100001
0110100001
1110100001
0001100001
1001100001
0101100001
1101100001
0011100001
1011100001
0111100001
1111100001
0000010001
1000010001
0100010001
1100010001
0010010001
1010010001
0110010001
1110010001
0001010001
1001010001
0101010001
1101010001
0011010001
1011010001
0111010001
1111010001
0000110001
1000110001
0100110001
1100110001
0010110001
1010110001
0110110001
1110110001
0001110001
1001110001
0101110001
1101110001
0011110001
1011110001
0111110001
1111110001
0000001001
1000001001
0100001001
1100001001
0010001001
1010001001
0110001001
1110001001
0001001001
1001001001
